==========================================================================================================
stack A
  -997   -982   -973   -912   -900   -897   -883   -879   -829   -824   -812   -805   -769   -767   -741 |
  -727   -689   -646   -553   -523   -514   -495   -456   -449   -448   -444   -439   -412   -392   -378 |
  -374   -328   -289   -283   -276   -257   -254   -230   -216   -186   -161   -135    -84    -76    -29 |
    11     39     85     93    103    134    149    166    178    216    238    268    271    299    305 |
   317    335    396    442    448    450    500    504    570    599    600    611    619    631    633 |
   636    657    664    686    691    716    751    780    799    805    812    830    843    850    905 |
   930    941    944    959    961    964    967    975    987    988

stack B

==========================================================================================================
number of moves: 700




numbers after sorting:
-997   -982   -973   -912   -900   -897   -883   -879   -829   -824   -812   -805   -769   -767   -741 -727   -689   -646   -553   -523   -514   -495   -456   -449   -448   -444   -439   -412   -392   -378 -374   -328   -289   -283   -276   -257   -254   -230   -216   -186   -161   -135    -84    -76    -29 11     39     85     93    103    134    149    166    178    216    238    268    271    299    305 317    335    396    442    448    450    500    504    570    599    600    611    619    631    633 636    657    664    686    691    716    751    780    799    805    812    830    843    850    905 930    941    944    959    961    964    967    975    987    988

numbers are sorted

you did 700 move
NOWWWWWWWWWWWWWWWWWWWWWWWW you did 292 move



100 98 96 94 92 90 88 86 84 82 80 78 76 74 72 70 68 66 64 62 60 58 56 54 52 50 48 46 44 42 40 38 36 34 32 30 28 26 24 22 20 18 16 14 12 10 8 6 4 2 99 97 95 93 91 89 87 85 83 81 79 77 75 73 71 69 67 65 63 61 59 57 55 53 51 49 47 45 43 41 39 37 35 33 31 29 27 25 23 21 19 17 15 13 11 9 7 5 3 1
